0.0361525 0.0361525 0.0261422 0.0261422
0.0261422 0.0261422 0.0235028 0.0235028
0.0235028 0.0235028 0.0307595 0.0307595
0.0307595 0.0307595 0.0285627 0.0285627
0.0285627 0.0285627 0.0307596 0.0307596
0.0307596 0.0307596 0.0235044 0.0235044
0.0235044 0.0235044 0.0261397 0.0261397
0.0261397 0.0261397 0.0361525 0.0361525
0.0361525 0.0361525 0.0261428 0.0261428
0.0261428 0.0261428 0.0235023 0.0235023
0.0235023 0.0235023 0.0307594 0.0307594
0.0307594 0.0307594 0.0285629 0.0285629
0.0285629 0.0285629 0.0307595 0.0307595
0.0307595 0.0307595 0.0235039 0.0235039
0.0235039 0.0235039 0.0261402 0.0261402
0.0261402 0.0261402 0.0361525 0.0361525
0.0361525 0.0361525 0.0261422 0.0261422
0.0261422 0.0261422 0.0235028 0.0235028
0.0235028 0.0235028 0.0307595 0.0307595
0.0307595 0.0307595 0.0285627 0.0285627
0.0285627 0.0285627 0.0307596 0.0307596
0.0307596 0.0307596 0.0235044 0.0235044
0.0235044 0.0235044 0.0261397 0.0261397
0.0261397 0.0261397 0.0361525 0.0361525
0.0361525 0.0361525 0.0261428 0.0261428
0.0261428 0.0261428 0.0235023 0.0235023
0.0235023 0.0235023 0.0307594 0.0307594
0.0307594 0.0307594 0.0285629 0.0285629
0.0285629 0.0285629 0.0307595 0.0307595
0.0307595 0.0307595 0.0235039 0.0235039
0.0235039 0.0235039 0.0261402 0.0261402
0.0261402 0.0261402 0.0361525 0.0361525